4
6
8
11
13
15
18
20
22
25
27
29
32
34
36
39
41
43
46
48
50
53
55
57
60
62
64
67
69
71
74
76
78
81
83
85
88
90
92
95
97
99
102
104
106
109
111
113
116
118
120
123
125
127
130
132
134
137
139
141
144
146
148
151
153
155
158
160
162
165
167
169
172
174
176
179
181
183
186
188
190
193
195
197
200
202
204
207
209
211
214
216
218
221
223
225
228
230
232
235
237
239
242
244
246
249
251
253
256
258
260
263
265
267
270
272
274
277
279
281
284
286
288
291
293
295
298
300
302
305
307
309
312
314
316
319
321
323
326
328
330
333
335
337
340
342
344
347
349
351
354
356
358
361
363
365
368
370
372
375
377
379
382
384
386
389
391
393
396
398
400
403
405
407
410
412
414
417
419
421
424
426
428
431
433
435
438
440
442
445
447
449
452
454
456
459
461
463
466
468
470
473
475
477
480
482
484
487
489
491
494
496
498
501
503
505
508
510
512
515
517
519
522
524
526
529
531
533
536
538
540
543
545
547
550
552
554
557
559
561
564
566
568
571
573
575
578
580
582
585
587
589
592
594
596
599
601
603
606
608
610
613
615
617
620
622
624
627
629
631
634
636
638
641
643
645
648
650
652
655
657
659
662
664
666
669
671
673
676
678
680
683
685
687
690
692
694
697
699
701
704
706
708
711
713
715
718
720
722
725
727
729
732
734
736
739
741
743
746
748
750
753
755
757
760
762
764
767
769
771
774
776
778
781
783
785
788
790
792
795
797
799
802
804
806
809
811
813
816
818
820
823
825
827
830
832
834
837
839
841
844
846
848
851
853
855
858
860
862
865
867
869
872
874
876
879
881
883
886
888
890
893
895
897
900
902
904
907
909
911
914
916
918
921
923
925
928
930
932
935
937
939
942
944
946
949
951
953
956
958
960
963
965
967
970
972
974
977
979
981
984
986
988
991
993
995
998
1000
1002
1005
1007
1009
1012
1014
1016
1019
1021
1023
1026
1028
1030
1033
1035
1037
1040
1042
1044
1047
1049
1051
1054
1056
1058
1061
1063
1065
1068
1070
1072
1075
1077
1079
1082
1084
1086
1089
1091
1093
1096
1098
1100
1103
1105
1107
1110
1112
1114
1117
1119
1121
1124
1126
1128
1131
1133
1135
1138
1140
1142
1145
1147
1149
1152
1154
1156
1159
1161
1163
1166
1168
1170
1173
1175
1177
1180
1182
1184
1187
1189
1191
1194
1196
1198
1201
1203
1205
1208
1210
1212
1215
1217
1219
1222
1224
1226
1229
1231
1233
1236
1238
1240
1243
1245
1247
1250
1252
1254
1257
1259
1261
1264
1266
1268
1271
1273
1275
1278
1280
1282
1285
1287
1289
1292
1294
1296
1299
1301
1303
1306
1308
1310
1313
1315
1317
1320
1322
1324
1327
1329
1331
1334
1336
1338
1341
1343
1345
1348
1350
1352
1355
1357
1359
1362
1364
1366
1369
1371
1373
1376
1378
1380
1383
1385
1387
1390
1392
1394
1397
1399
1401
1404
1406
1408
1411
1413
1415
1418
1420
1422
1425
1427
1429
1432
1434
1436
1439
1441
1443
1446
1448
1450
1453
1455
1457
1460
1462
1464
1467
1469
1471
1474
1476
1478
1481
1483
1485
1488
1490
1492
1495
1497
1499
1502
1504
1506
1509
1511
1513
1516
1518
1520
1523
1525
1527
1530
1532
1534
1537
1539
1541
1544
1546
1548
1551
1553
1555
1558
1560
1562
1565
1567
1569
1572
1574
1576
1579
1581
1583
1586
1588
1590
1593
1595
1597
1600
1602
1604
1607
1609
1611
1614
1616
1618
1621
1623
1625
1628
1630
1632
1635
1637
1639
1642
1644
1646
1649
1651
1653
1656
1658
1660
1663
1665
1667
1670
1672
1674
1677
1679
1681
1684
1686
1688
1691
1693
1695
1698
1700
1702
1705
1707
1709
1712
1714
1716
1719
1721
1723
1726
1728
1730
1733
1735
1737
1740
1742
1744
1747
1749
1751
1754
1756
1758
1761
1763
1765
1768
1770
1772
1775
1777
1779
1782
1784
1786
1789
1791
1793
1796
1798
1800
1803
1805
1807
1810
1812
1814
1817
1819
1821
1824
1826
1828
1831
1833
1835
1838
1840
1842
1845
1847
1849
1852
1854
1856
1859
1861
1863
1866
1868
1870
1873
1875
1877
1880
1882
1884
1887
1889
1891
1894
1896
1898
1901
1903
1905
1908
1910
1912
1915
1917
1919
1922
1924
1926
1929
1931
1933
1936
1938
1940
1943
1945
1947
1950
1952
1954
1957
1959
1961
1964
1966
1968
1971
1973
1975
1978
1980
1982
1985
1987
1989
1992
1994
1996
1999
2001
2003
2006
2008
2010
2013
2015
2017
2020
2022
2024
2027
2029
2031
2034
2036
2038
2041
2043
2045
2048
2050
2052
2055
2057
2059
2062
2064
2066
2069
2071
2073
2076
2078
2080
2083
2085
2087
2090
2092
2094
2097
2099
2101
2104
2106
2108
2111
2113
2115
2118
2120
2122
2125
2127
2129
2132
2134
2136
2139
2141
2143
2146
2148
2150
2153
2155
2157
2160
2162
2164
2167
2169
2171
2174
2176
2178
2181
2183
2185
2188
2190
2192
2195
2197
2199
2202
2204
2206
2209
2211
2213
2216
2218
2220
2223
2225
2227
2230
2232
2234
2237
2239
2241
2244
2246
2248
2251
2253
2255
2258
2260
2262
2265
2267
2269
2272
2274
2276
2279
2281
2283
2286
2288
2290
2293
2295
2297
2300
2302
2304
2307
2309
2311
2314
2316
2318
2321
2323
2325
2328
2330
2332
2335
2337
2339
2342
2344
2346
2349
2351
2353
2356
2358
2360
2363
2365
2367
2370
2372
2374
2377
2379
2381
2384
2386
2388
2391
2393
2395
2398
2400
2402
2405
2407
2409
2412
2414
2416
2419
2421
2423
2426
2428
2430
2433
2435
2437
2440
2442
2444
2447
2449
2451
2454
2456
2458
2461
2463
2465
2468
2470
2472
2475
2477
2479
2482
2484
2486
2489
2491
2493
2496
2498
2500
2503
2505
2507
2510
2512
2514
2517
2519
2521
2524
2526
2528
2531
2533
2535
2538
2540
2542
2545
2547
2549
2552
2554
2556
2559
2561
2563
2566
2568
2570
2573
2575
2577
2580
2582
2584
2587
2589
2591
2594
2596
2598
2601
2603
2605
2608
2610
2612
2615
2617
2619
2622
2624
2626
2629
2631
2633
2636
2638
2640
2643
2645
2647
2650
2652
2654
2657
2659
2661
2664
2666
2668
2671
2673
2675
2678
2680
2682
2685
2687
2689
2692
2694
2696
2699
2701
2703
2706
2708
2710
2713
2715
2717
2720
2722
2724
2727
2729
2731
2734
2736
2738
2741
2743
2745
2748
2750
2752
2755
2757
2759
2762
2764
2766
2769
2771
2773
2776
2778
2780
2783
2785
2787
2790
2792
2794
2797
2799
2801
2804
2806
2808
2811
2813
2815
2818
2820
2822
2825
2827
2829
2832
2834
2836
2839
2841
2843
2846
2848
2850
2853
2855
2857
2860
2862
2864
2867
2869
2871
2874
2876
2878
2881
2883
2885
2888
2890
2892
2895
2897
2899
2902
2904
2906
2909
2911
2913
2916
2918
2920
2923
2925
2927
2930
2932
2934
2937
2939
2941
2944
2946
2948
2951
2953
2955
2958
2960
2962
2965
2967
2969
2972
2974
2976
2979
2981
2983
2986
2988
2990
2993
2995
2997
3000
3002
3004
3007
3009
3011
3014
3016
3018
3021
3023
3025
3028
3030
3032
3035
3037
3039
3042
3044
3046
3049
3051
3053
3056
3058
3060
3063
3065
3067
3070
3072
3074
3077
3079
3081
3084
3086
3088
3091
3093
3095
3098
3100
3102
3105
3107
3109
3112
3114
3116
3119
3121
3123
3126
3128
3130
3133
3135
3137
3140
3142
3144
3147
3149
3151
3154
3156
3158
3161
3163
3165
3168
3170
3172
3175
3177
3179
3182
3184
3186
3189
3191
3193
3196
3198
3200
3203
3205
3207
3210
3212
3214
3217
3219
3221
3224
3226
3228
3231
3233
3235
3238
3240
3242
3245
3247
3249
3252
3254
3256
3259
3261
3263
3266
3268
3270
3273
3275
3277
3280
3282
3284
3287
3289
3291
3294
3296
3298
3301
3303
3305
3308
3310
3312
3315
3317
3319
3322
3324
3326
3329
3331
3333
3336
3338
3340
3343
3345
3347
3350
3352
3354
3357
3359
3361
3364
3366
3368
3371
3373
3375
3378
3380
3382
3385
3387
3389
3392
3394
3396
3399
3401
3403
3406
3408
3410
3413
3415
3417
3420
3422
3424
3427
3429
3431
3434
3436
3438
3441
3443
3445
3448
3450
3452
3455
3457
3459
3462
3464
3466
3469
3471
3473
3476
3478
3480
3483
3485
3487
3490
3492
3494
3497
3499
3501
3504
3506
3508
3511
3513
3515
3518
3520
3522
3525
3527
3529
3532
3534
3536
3539
3541
3543
3546
3548
3550
3553
3555
3557
3560
3562
3564
3567
3569
3571
3574
3576
3578
3581
3583
3585
3588
3590
3592
3595
3597
3599
3602
3604
3606
3609
3611
3613
3616
3618
3620
3623
3625
3627
3630
3632
3634
3637
3639
3641
3644
3646
3648
3651
3653
3655
3658
3660
3662
3665
3667
3669
3672
3674
3676
3679
3681
3683
3686
3688
3690
3693
3695
3697
3700
3702
3704
3707
3709
3711
3714
3716
3718
3721
3723
3725
3728
3730
3732
3735
3737
3739
3742
3744
3746
3749
3751
3753
3756
3758
3760
3763
3765
3767
3770
3772
3774
3777
3779
3781
3784
3786
3788
3791
3793
3795
3798
3800
3802
3805
3807
3809
3812
3814
3816
3819
3821
3823
3826
3828
3830
3833
3835
3837
3840
3842
3844
3847
3849
3851
3854
3856
3858
3861
3863
3865
3868
3870
3872
3875
3877
3879
3882
3884
3886
3889
3891
3893
3896
3898
3900
3903
3905
3907
3910
3912
3914
3917
3919
3921
3924
3926
3928
3931
3933
3935
3938
3940
3942
3945
3947
3949
3952
3954
3956
3959
3961
3963
3966
3968
3970
3973
3975
3977
3980
3982
3984
3987
3989
3991
3994
3996
3998
4001
4003
4005
4008
4010
4012
4015
4017
4019
4022
4024
4026
4029
4031
4033
4036
4038
4040
4043
4045
4047
4050
4052
4054
4057
4059
4061
4064
4066
4068
4071
4073
4075
4078
4080
4082
4085
4087
4089
4092
4094
4096
4099
4101
4103
4106
4108
4110
4113
4115
4117
4120
4122
4124
4127
4129
4131
4134
4136
4138
4141
4143
4145
4148
4150
4152
4155
4157
4159
4162
4164
4166
4169
4171
4173
4176
4178
4180
4183
4185
4187
4190
4192
4194
4197
4199
4201
4204
4206
4208
4211
4213
4215
4218
4220
4222
4225
4227
4229
4232
4234
4236
4239
4241
4243
4246
4248
4250
4253
4255
4257
4260
4262
4264
4267
4269
4271
4274
4276
4278
4281
4283
4285
4288
4290
4292
4295
4297
4299
4302
4304
4306
4309
4311
4313
4316
4318
4320
4323
4325
4327
4330
4332
4334
4337
4339
4341
4344
4346
4348
4351
4353
4355
4358
4360
4362
4365
4367
4369
4372
4374
4376
4379
4381
4383
4386
4388
4390
4393
4395
4397
4400
4402
4404
4407
4409
4411
4414
4416
4418
4421
4423
4425
4428
4430
4432
4435
4437
4439
4442
4444
4446
4449
4451
4453
4456
4458
4460
4463
4465
4467
4470
4472
4474
4477
4479
4481
4484
4486
4488
4491
4493
4495
4498
4500
4502
4505
4507
4509
4512
4514
4516
4519
4521
4523
4526
4528
4530
4533
4535
4537
4540
4542
4544
4547
4549
4551
4554
4556
4558
4561
4563
4565
4568
4570
4572
4575
4577
4579
4582
4584
4586
4589
4591
4593
4596
4598
4600
4603
4605
4607
4610
4612
4614
4617
4619
4621
4624
4626
4628
4631
4633
4635
4638
4640
4642
4645
4647
4649
4652
4654
4656
4659
4661
4663
4666
4668
4670
