14
14
14
14
14
14
14
14
14
14
14
14
14
14
14
14
14
14
14
14
14
14
14
14
14
14
14
13.523
13.2245
12.9647
12.4326
12.0005
11.5808
10.7235
10.1312
9.6166
8.8326
8.37562
7.99981
7.54175
7.30488
7.11805
6.93849
6.86333
6.81151
6.75997
6.72173
6.68227
6.5656
6.45347
6.33664
6.10224
5.92746
5.76133
5.50643
5.34782
5.20688
5.02977
4.93816
4.86365
4.79563
4.77482
4.76508
4.77967
4.80162
4.82704
4.86994
4.89645
4.92028
4.94111
4.94423
4.94266
4.92018
4.89506
4.86761
4.81504
4.77684
4.74011
4.68679
4.65516
4.62727
4.59588
4.58207
4.57201
4.5685
4.57223
4.57814
4.59385
4.60678
4.61985
4.63956
4.65136
4.66184
4.67274
4.67666
4.67897
4.67663
4.67208
4.66664
4.65509
4.64628
4.63763
4.6248
4.6171
4.61026
4.60265
4.59942
4.59714
4.59684
4.59829
4.6003
4.60522
4.60918
4.61316
4.61918
4.62284
4.62612
4.62974
4.63123
4.63225
4.63217
4.63127
4.63009
4.62731
4.6251
4.62289
4.61953
4.61748
4.61564
4.61355
4.61264
4.61198
4.61185
4.61221
4.61273
4.61406
4.61515
4.61625
4.61795
4.619
4.61995
4.62103
4.62151
4.62186
4.62194
4.62175
4.62148
4.62079
4.62021
4.61963
4.61873
4.61817
4.61766
4.61706
4.61679
4.61659
4.61652
4.6166
4.61673
4.61707
4.61736
4.61766
4.61813
4.61842
4.61869
4.619
4.61915
4.61926
4.6193
4.61927
4.61921
4.61903
4.61888
4.61873
4.61848
4.61833
4.61818
4.61801
4.61793
4.61787
4.61784
4.61786
4.61789
4.61797
4.61805
4.61813
4.61826
4.61834
4.61841
4.6185
4.61855
4.61858
4.6186
4.61859
4.61858
4.61854
4.6185
4.61846
4.61839
4.61835
4.61831
4.61826
4.61823
4.61822
4.61821
4.61821
4.61821
4.61824
4.61826
4.61828
4.61831
4.61833
4.61835
4.61838
4.61839
4.6184
4.61841
4.61841
4.61841
4.6184
4.61838
4.61837
4.61836
4.61834
4.61833
4.61832
4.61831
4.61831
4.6183
4.6183
4.6183
4.61831
4.61832
4.61832
4.61833
4.61834
4.61834
4.61835
4.61835
4.61836
4.61836
4.61836
4.61836
4.61836
4.61835
4.61835
4.61835
4.61834
4.61834
4.61833
4.61833
4.61833
4.61833
4.61833
4.61833
4.61833
4.61833
4.61833
4.61834
4.61834
4.61834
4.61834
4.61834
4.61834
4.61834
4.61834
4.61834
4.61834
4.61834
4.61834
4.61834
4.61834
4.61834
4.61834
4.61834
4.61834
4.61834
4.61834
4.61834
4.61834
4.61834
4.61834
4.61834
4.61834
4.61834
4.61834
4.61834
4.61834
4.61834
4.61834
4.61834
4.61834
4.61834
4.61834
4.61834
4.61834
4.61834
4.61834
4.61834
4.61834
4.61834
4.61834
4.61834
4.61834
4.61834
4.61834
4.61834
4.61834
4.61834
4.59539
4.57206
4.54783
4.48302
4.43154
4.38123
4.28057
4.20849
4.14038
4.03939
3.97746
3.92197
3.84988
3.81061
3.77742
3.74161
3.72677
3.71653
3.7135
3.71854
3.72618
3.74509
3.76137
3.7782
3.80503
3.82317
3.84035
3.86324
3.87648
3.88816
3.90091
3.90679
3.91132
3.91366
3.91315
3.91189
3.90681
3.9022
3.89743
3.91548
3.93694
3.96014
4.0292
4.08747
4.14672
4.27335
4.37047
4.46728
4.61763
4.71483
4.80573
4.92634
4.9931
5.05037
5.10794
5.12861
5.14075
5.1326
5.11429
5.09217
5.04666
5.01308
4.98064
4.93451
4.90778
4.88447
4.85904
4.84813
4.84035
4.83712
4.83897
4.84226
4.84989
4.85521
4.8602
4.86435
4.86441
4.86331
4.85562
4.84719
4.83797
4.81937
4.80513
4.79108
4.76871
4.75406
4.74048
4.72198
4.71138
4.70217
4.69161
4.68658
4.68268
4.67953
4.67875
4.67853
4.67925
4.68001
4.6808
4.68147
4.6814
4.68112
4.67943
4.67759
4.67557
4.67151
4.66841
4.66534
4.66049
4.65735
4.65446
4.65065
4.64856
4.64679
4.64501
4.64435
4.64394
4.64404
4.64444
4.64495
4.64598
4.64672
4.64743
4.64833
4.64877
4.64911
4.64924
4.64911
4.6489
4.64826
4.64769
4.64711
4.64612
4.64547
4.64485
4.64404
4.64361
4.64324
4.64292
4.64283
4.6428
4.64295
4.64313
4.64333
4.64371
4.64398
4.64423
4.64456
4.64474
4.64488
4.64499
4.645
4.64499
4.64487
4.64475
4.64461
4.64438
4.64422
4.64407
4.64387
4.64376
4.64367
4.64358
4.64357
4.64356
4.64361
4.64366
4.64372
4.64383
4.64391
4.64398
4.64408
4.64413
4.64418
4.64422
4.64423
4.64423
4.6442
4.64417
4.64414
4.64408
4.64404
4.644
4.64394
4.64391
4.64389
4.64387
4.64386
4.64386
4.64387
4.64388
4.6439
4.64393
4.64395
4.64397
4.644
4.64401
4.64403
4.64404
4.64404
4.64404
4.64404
4.64403
4.64402
4.64401
4.644
4.64399
4.64397
4.64396
4.64396
4.64395
4.64395
4.64395
4.64395
4.64395
4.64396
4.64396
4.64397
4.64398
4.64398
4.64399
4.64399
4.644
4.644
4.644
4.644
4.64399
4.64399
4.64399
4.64398
4.64398
4.64398
4.64398
4.64397
4.64397
4.64397
4.64397
4.64397
4.64397
4.64397
4.64397
4.64398
4.64398
4.64398
4.64398
4.64398
4.64398
4.64398
4.64398
4.64398
4.64398
4.64398
4.64398
4.64398
4.64398
4.64398
4.64398
4.64398
4.64398
4.64398
4.64398
4.64398
4.64398
4.64398
4.64398
4.64398
4.64398
4.64398
4.64398
4.64398
4.64398
4.64398
4.64398
4.64398
4.64398
4.64398
4.64398
4.64398
4.64398
4.64398
4.64398
4.64398
4.64398
4.64398
4.64398
4.64398
4.64398
4.64398
4.64398
4.64398
4.64398
4.64398
4.64398
4.64398
4.64398
4.64398
4.64398
4.64398
4.64398
4.64398
4.64398
4.64398
4.64398
4.64398
4.64398
4.64398
4.64398
4.64398
4.64398
4.64398
4.64398
4.64398
4.64398
4.64398
4.64398
4.64398
4.64398
4.64398
4.64398
4.64398
4.64398
4.64398
4.64398
4.64398
4.64398
4.64398
4.64398
4.64398
4.64398
4.64398
4.64398
4.64398
4.64398
4.64398
4.64398
4.64398
4.64398
4.64398
4.64398
4.64398
4.64398
4.64398
4.64398
4.64398
4.64398
4.64398
4.64398
4.64398
4.64398
4.64398
4.64398
4.64398
4.64398
4.64398
4.64398
4.64398
4.64398
4.64398
4.64398
4.64398
4.64398
4.64398
4.64398
4.64398
4.64398
4.64398
4.64398
4.64398
4.64398
4.64398
4.64398
4.64398
4.64398
4.64398
4.64398
4.64398
4.64398
4.64398
4.64398
4.64398
4.64398
4.64398
4.64398
4.64398
4.64398
4.64398
4.64398
4.64398
4.64398
4.64398
4.64398
4.64398
4.64398
4.64398
4.64398
4.64398
4.64398
4.64398
4.64398
4.64398
4.64398
4.64398
4.64398
4.64398
4.64398
4.64398
4.64398
4.64398
4.64398
4.64398
4.64398
4.64398
4.64398
4.64398
4.64398
4.64398
4.64398
4.64398
4.64398
4.64398
4.64398
4.64398
4.64398
4.64398
4.64398
4.64398
4.64398
4.64398
4.64398
4.64398
4.64398
4.64398
4.64398
4.64398
4.64398
4.64398
4.64398
4.64398
4.64398
4.64398
4.64398
4.64398
4.64398
4.64398
4.64398
4.64398
4.64398
4.64398
4.64398
4.64398
4.64398
4.64398
4.64398
4.64398
4.64398
4.64398
4.64398
4.64398
4.64398
4.64398
4.64398
4.64398
4.64398
4.64398
4.64398
4.64398
4.64398
4.64398
4.64398
4.64398
4.64398
4.64398
4.64398
4.64398
4.64398
4.64398
4.64398
4.64398
4.64398
4.64398
4.64398
4.64398
4.64398
4.64398
4.64398
4.64398
4.64398
4.64398
4.64398
4.64398
4.64398
4.64398
4.64398
4.64398
4.64398
4.64398
4.64398
4.64398
4.64398
4.64398
4.64398
4.64398
4.64398
4.64398
4.64398
4.64398
4.64398
4.64398
4.64398
4.64398
4.64398
4.64398
4.64398
4.64398
4.64398
4.64398
4.64398
4.64398
4.64398
4.64398
4.64398
4.64398
4.64398
4.64398
4.64398
4.64398
4.64398
4.64398
4.64398
4.64398
4.64398
4.64398
4.64398
4.64398
4.64398
4.64398
4.64398
4.64398
4.64398
4.64398
4.64398
4.64398
4.64398
4.64398
4.64398
4.64398
4.64398
4.64398
4.64398
4.64398
4.64398
4.64398
4.64398
4.64398
4.64398
4.64398
4.64398
4.64398
4.64398
4.64398
4.64398
4.64398
4.64398
4.64398
4.64398
4.64398
4.64398
4.64398
4.64398
4.64398
4.64398
4.64398
4.64398
4.64398
4.64398
4.64398
4.64398
4.64398
4.64398
4.64398
4.64398
4.64398
4.64398
4.64398
4.64398
4.64398
4.64398
4.64398
4.64398
4.64398
4.64398
4.64398
4.64398
4.64398
4.64398
4.64398
4.64398
4.64398
4.64398
4.64398
4.64398
4.64398
4.64398
4.64398
4.64398
4.64398
4.64398
4.64398
4.64398
4.64398
4.64398
4.64398
4.64398
4.64398
4.64398
4.64398
4.64398
4.64398
4.64398
4.64398
4.64398
4.64398
4.64398
4.64398
4.64398
4.64398
4.64398
4.64398
4.64398
4.64398
4.64398
4.64398
4.64398
4.64398
4.64398
4.64398
4.64398
4.64398
4.64398
4.64398
4.64398
4.64398
4.64398
4.64398
4.64398
4.64398
4.64398
4.64398
4.64398
4.64398
4.64398
4.64398
4.64398
4.64398
4.64398
4.64398
4.64398
4.64398
4.64398
4.64398
4.64398
4.64398
4.64398
4.64398
4.64398
4.64398
4.64398
4.64398
4.64398
4.64398
4.64398
4.64398
4.64398
4.64398
4.64398
4.64398
4.64398
4.64398
4.64398
4.64398
4.64398
4.64398
4.64398
4.64398
4.64398
4.64398
4.64398
4.64398
4.64398
4.64398
4.64398
